h11 = 0.0063697
h12 = 0.17902
h13 = -41.3827
h21 = 0.033789
h22 = 0.0056543
h23 = -6.3484
h31 = -0.002324
h32 = -0.01339
h33 = 1
